=============================
Граф 1
Последовательность рёбер:

1 2
1 4
2 3
3 4

=============================
Граф 2
Последовательность рёбер:

1 2
1 3
1 4
2 3
3 4

=============================
Граф 3
Последовательность рёбер:

1 2
1 3
1 4
2 3
2 5
3 4
3 5

=============================
Граф 4
Последовательность рёбер:

1 2
1 3
1 4
2 3
2 5
3 4
3 5

=============================
Граф 5
Последовательность рёбер:

1 2
1 3
1 4
2 3
2 5
3 4
3 5

=============================
Граф 6
Последовательность рёбер:

1 2
1 3
1 4
2 3
2 5
3 4
3 5

=============================
Граф 7
Последовательность рёбер:

1 2
1 3
1 4
2 3
2 5
3 4
3 5

=============================
Граф 8
Последовательность рёбер:

1 2
1 3
1 4
1 6
2 3
2 5
2 6
3 4
3 5

=============================
Граф 9
Последовательность рёбер:

1 2
1 4
2 3
3 4

=============================
Граф 10
Последовательность рёбер:

1 2
1 3
1 4
2 3
3 4

=============================
Граф 11
Последовательность рёбер:

1 2
1 3
1 4
2 3
2 5
3 4
3 5

=============================
Граф 12
Последовательность рёбер:

1 2
1 3
1 4
2 3
2 5
3 4
3 5

=============================
Граф 13
Последовательность рёбер:

1 2
1 3
1 4
2 3
2 5
3 4
3 5

=============================
Граф 14
Последовательность рёбер:

1 2
1 3
1 4
2 3
2 5
3 4
3 5

=============================
Граф 15
Последовательность рёбер:

1 2
1 3
1 4
2 3
2 5
3 4
3 5

=============================
Граф 16
Последовательность рёбер:

1 2
1 3
1 4
1 6
2 3
2 5
2 6
3 4
3 5

=============================
Граф 17
Последовательность рёбер:

1 2
1 4
2 3
3 4

=============================
Граф 18
Последовательность рёбер:

1 2
1 3
1 4
2 3
3 4

=============================
Граф 19
Последовательность рёбер:

1 2
1 3
1 4
2 3
3 4

=============================
Граф 20
Последовательность рёбер:

1 2
1 3
1 4
2 3
2 5
3 4

