=============================
Граф 1
Количество вершин: 4
Количество рёбер: 4

Матрица смежности:

0 1 0 1 
1 0 1 0 
0 1 0 1 
1 0 1 0 

=============================
Граф 2
Количество вершин: 4
Количество рёбер: 5

Матрица смежности:

0 1 1 1 
1 0 1 0 
1 1 0 1 
1 0 1 0 

=============================
Граф 3
Количество вершин: 5
Количество рёбер: 7

Матрица смежности:

0 1 1 1 0 
1 0 1 0 1 
1 1 0 1 1 
1 0 1 0 0 
0 1 1 0 0 

=============================
Граф 4
Количество вершин: 5
Количество рёбер: 7

Матрица смежности:

0 1 1 1 0 
1 0 1 0 1 
1 1 0 1 1 
1 0 1 0 0 
0 1 1 0 0 

=============================
Граф 5
Количество вершин: 5
Количество рёбер: 7

Матрица смежности:

0 1 1 1 0 
1 0 1 0 1 
1 1 0 1 1 
1 0 1 0 0 
0 1 1 0 0 

=============================
Граф 6
Количество вершин: 6
Количество рёбер: 7

Матрица смежности:

0 1 1 1 0 0 
1 0 1 0 1 0 
1 1 0 1 1 0 
1 0 1 0 0 0 
0 1 1 0 0 0 
0 0 0 0 0 0 

=============================
Граф 7
Количество вершин: 6
Количество рёбер: 9

Матрица смежности:

0 1 1 1 0 0 
1 0 1 0 1 0 
1 1 0 1 1 0 
1 0 1 0 0 0 
0 1 1 0 0 0 
0 0 0 0 0 1 

=============================
Граф 8
Количество вершин: 6
Количество рёбер: 9

Матрица смежности:

0 1 1 1 0 1 
1 0 1 0 1 1 
1 1 0 1 1 0 
1 0 1 0 0 0 
0 1 1 0 0 0 
1 1 0 0 0 0 

=============================
Граф 9
Количество вершин: 4
Количество рёбер: 4

Матрица смежности:

0 1 0 1 
1 0 1 0 
0 1 0 1 
1 0 1 0 

=============================
Граф 10
Количество вершин: 4
Количество рёбер: 5

Матрица смежности:

0 1 1 1 
1 0 1 0 
1 1 0 1 
1 0 1 0 

=============================
Граф 11
Количество вершин: 5
Количество рёбер: 7

Матрица смежности:

0 1 1 1 0 
1 0 1 0 1 
1 1 0 1 1 
1 0 1 0 0 
0 1 1 0 0 

=============================
Граф 12
Количество вершин: 5
Количество рёбер: 7

Матрица смежности:

0 1 1 1 0 
1 0 1 0 1 
1 1 0 1 1 
1 0 1 0 0 
0 1 1 0 0 

=============================
Граф 13
Количество вершин: 5
Количество рёбер: 7

Матрица смежности:

0 1 1 1 0 
1 0 1 0 1 
1 1 0 1 1 
1 0 1 0 0 
0 1 1 0 0 

=============================
Граф 14
Количество вершин: 6
Количество рёбер: 7

Матрица смежности:

0 1 1 1 0 0 
1 0 1 0 1 0 
1 1 0 1 1 0 
1 0 1 0 0 0 
0 1 1 0 0 0 
0 0 0 0 0 0 

=============================
Граф 15
Количество вершин: 6
Количество рёбер: 9

Матрица смежности:

0 1 1 1 0 0 
1 0 1 0 1 0 
1 1 0 1 1 0 
1 0 1 0 0 0 
0 1 1 0 0 0 
0 0 0 0 0 1 

=============================
Граф 16
Количество вершин: 6
Количество рёбер: 9

Матрица смежности:

0 1 1 1 0 1 
1 0 1 0 1 1 
1 1 0 1 1 0 
1 0 1 0 0 0 
0 1 1 0 0 0 
1 1 0 0 0 0 

=============================
Граф 17
Количество вершин: 4
Количество рёбер: 4

Матрица смежности:

0 1 0 1 
1 0 1 0 
0 1 0 1 
1 0 1 0 

=============================
Граф 18
Количество вершин: 4
Количество рёбер: 5

Матрица смежности:

0 1 1 1 
1 0 1 0 
1 1 0 1 
1 0 1 0 

=============================
Граф 19
Количество вершин: 5
Количество рёбер: 5

Матрица смежности:

0 1 1 1 0 
1 0 1 0 0 
1 1 0 1 0 
1 0 1 0 0 
0 0 0 0 0 

=============================
Граф 20
Количество вершин: 5
Количество рёбер: 6

Матрица смежности:

0 1 1 1 0 
1 0 1 0 1 
1 1 0 1 0 
1 0 1 0 0 
0 1 0 0 0 

